   0.1871110797       0.4307843447      -2.5198349953       1.1706113815
   0.4370415211       0.3331251740      -0.9740701318       1.6922464371
   0.6759165525       0.0839328766       1.1606807709       0.6759618521
   0.3118383288       0.7820814848       0.4638361931      -2.2698218822
   0.1952810287       0.2468779683       0.0538005009       2.7422904968
   0.8382102251       0.5608692169      -0.8364682794      -0.3364771903
   0.4550063610       0.5315670967      -1.8671219349      -0.3752623796
   0.9760082960       0.2923977375      -0.0880435482       0.3226473927
   0.8169975877       0.3070386648      -0.3384371400       0.9035602212
   0.0544947386       0.4189121127      -3.1959009171       1.7855167389
   0.4991042614       0.1148770452       1.3429406881       1.1821188927
   0.6181519628       0.8279082775       0.6998779774      -1.3136793375
   0.4804227352       0.6237887740      -1.3091981411      -1.2894213200
   0.9291599989       0.3031221032      -0.1905859560       0.5496360064
   0.5762644410       0.4994010329      -1.5933420658       0.0059964457
   0.4419271946       0.9015644193       1.5801439285      -1.1244783401
   0.5508762598       0.2129433751       0.3823745847       1.6124807596
   0.6714999676       0.7091729045      -0.3436290622      -1.3100452423
   0.2212570906       0.4411267042      -2.4575808048       0.9529557824
   0.2549665570       0.7298808098      -0.3163146973      -2.4888973236
   0.2738431096       0.9861970544       2.4332964420      -0.2115618885
   0.4526736736       0.0771343112       1.6906298399       0.8901749253
   0.2469898462       0.6304054856      -1.7326105833      -1.8544884920
   0.1104606390       0.2862688303      -0.7196588516       3.1031517982
   0.3992224932       0.1250486374       1.4537558556       1.4546446800
   0.4108455181       0.4797102213      -2.0077307224       0.2573501170
   0.1368514299       0.7190012932      -0.5857847929      -2.9694347382
   0.3748824596       0.5517811775      -2.0143041611      -0.6795020103
   0.8115820885       0.6960353255      -0.3261604905      -0.9247771502
   0.1747685075       0.8256660700       1.2973800898      -2.5201227665
   0.2538529038       0.4001790285      -2.0346648693       1.4747766256
   0.1406520009       0.8693685532       2.0488660336      -2.1992413998
   0.1819664240       0.3414893746      -1.5231796503       2.3512208462
   0.1554172039       0.6087533236      -2.2708168030      -1.8488143682
   0.8077247739       0.1912989616       0.3575439751       0.9250403047
   0.5729886889       0.7122681737      -0.3761474788      -1.5567739010
   0.5480980873       0.0047591329       1.6634652615       0.0497566238
   0.3881767988       0.7874919176       0.4872686267      -2.0300741196
   0.9161549807       0.6451400518      -0.3888127208      -0.5021661520
   0.1861763597       0.0197185874       2.7612893581       0.3438727260
   0.0958709717       0.3164027929      -1.3316891193       3.0044186115
   0.6543847322       0.3470965624      -0.8007127047       1.1454600096
   0.8898869753       0.0124434829       0.7307952642       0.0572537258
   0.6417034268       0.0603312254       1.3279800415       0.5289841294
   0.6864184141       0.4403346777      -1.2250380516       0.4820494652
   0.5537191033       0.8106901646       0.6140633225      -1.5315098763
   0.1350482106       0.5769131780      -2.6889860630      -1.4110754728
   0.3031425476       0.8917726278       1.8231366873      -1.4743384123
   0.2172248960       0.7618109584       0.1966176480      -2.6445951462
   0.3278849721       0.8888666630       1.7358829975      -1.4569919109
   0.9781061411       0.5193454623      -0.3169611096      -0.0387178473
   0.5812039375       0.3549183011      -0.9683455825       1.2497076988
   0.8825753331       0.6364776492      -0.4963090420      -0.5736008883
   0.8735739589       0.9197298288       0.6907804608      -0.3812882304
   0.9508321285       0.4749768376      -0.4759525061       0.0754544809
   0.6225680709       0.3198418617      -0.6277297139       1.3374413252
   0.8877492547       0.1943975687       0.2534887493       0.6958169341
   0.5749238133       0.8470011353       0.9140210152      -1.3092243671
   0.3843802214       0.4630876780      -2.0423595905       0.4823581576
   0.7694431543       0.6469970942      -0.6624647379      -0.8765379190
   0.2276563048       0.3202908635      -1.1159585714       2.3603262901
   0.0594098568       0.4807308912      -3.5797219276       0.4355320036
   0.4529973865       0.0779421329       1.6853293180       0.8983391523
   0.6952369809       0.4787606001      -1.2824395895       0.1721662283
   0.1372812986       0.9548661113       2.9034814835      -0.8461886644
   0.9787119627       0.0690761209       0.2856306434       0.1323878765
   0.7970536351       0.0108224154       1.0197894573       0.0694519877
   0.4186668992       0.0861685872       1.7161785364       1.0320278406
   0.6783586144       0.6343075037      -0.8885103464      -0.9990206361
   0.2856373191       0.8220154643       1.0503315926      -2.1606183052
   0.4564808011       0.1305479407       1.2962338924       1.3899073601
   0.2952391505       0.4693763852      -2.3267350197       0.4533041120
   0.3297560811       0.8350221515       1.1509640217      -1.9455558062
   0.1358072758       0.3809253573      -2.2226183414       2.0629909039
   0.0425487757       0.1183783412       2.8062641621       2.5819571018
   0.4663342237       0.1929161549       0.6579965949       1.7552037239
   0.9559483528       0.9883683324       0.4543130696      -0.0332622230
   0.5711215138       0.9299424887       1.4531388283      -0.6844366789
   0.7786024213       0.9231307507       0.9508174658      -0.4986174107
   0.4139883518       0.1069974899       1.5769035816       1.2551840544
   0.8918542266       0.1425616145       0.4537466466       0.5668179393
   0.5525748730       0.2047133446       0.4640063643       1.5864495039
   0.1103069782       0.6635915041      -1.6462767124      -2.7283041477
   0.9971525073       0.3573448658      -0.0715685934       0.0895108730
   0.4179658890       0.3369615674      -1.0415667295       1.7126611471
   0.0671957731       0.1686524749       1.7250540257       3.0758831501
   0.8036183715       0.6890821457      -0.3747878671      -0.9308853149
   0.7266609669       0.3479828238      -0.7003233433       0.9900612235
   0.3896812797       0.6536921263      -1.1852003336      -1.7135095596
   0.5168355703       0.8758155107       1.2392042875      -1.2265695333
   0.2252315879       0.7033644915      -0.7568507195      -2.5085854530
   0.6413510442       0.3800750375      -1.0431377888       0.9786464572
   0.3002701402       0.7645050287       0.2142421901      -2.3442385197
   0.7980074883       0.7347108126      -0.0977830365      -1.0147531033
   0.4682448506       0.4145702720      -1.6065442562       0.9559718966
   0.7526514530       0.6534128785      -0.6524448991      -0.9397470951
   0.4341534376       0.1377751231       1.2705795765       1.4928754568
   0.4445756674       0.9055634141       1.6020029783      -1.0804495811
   0.5465855002       0.8008254766       0.5236703753      -1.5836952925
   0.0977286696       0.6194885373      -2.3929905891      -2.2327396870
   0.8202857375       0.9326824546       0.8710478544      -0.3920916617
   0.9454532862       0.7023645639      -0.1498698145      -0.4856884480
   0.4248626232       0.2196838856       0.3759413362       1.9497064352
   0.8992742300       0.4117264748      -0.5944597721       0.3682714701
   0.6621884108       0.4008209705      -1.1189099550       0.8041501641
   0.4357711673       0.8151038289       0.7779904604      -1.7946168184
   0.4202316999       0.4541857243      -1.9160689116       0.5673159361
   0.8093146086       0.7868192196       0.2263393998      -0.9608592987
   0.1684454679       0.6535304189      -1.6317542791      -2.3540015221
   0.5060282946       0.4040545821      -1.4590519667       1.0042922497
   0.8233866096       0.3131171465      -0.3654385507       0.8726602793
   0.0601191521       0.7085296512      -0.9270803332      -3.4770612717
   0.0128449798       0.6584514380      -2.4364542961      -3.7579126358
   0.0772615671       0.4193128943      -3.0022675991       1.6674296856
   0.5203654170       0.4206160903      -1.5232428312       0.8297474980
   0.4726519585       0.7294288874      -0.2394668311      -1.8423825502
   0.8828777671       0.2873786092      -0.1762663126       0.7366768718
   0.2734762430       0.4324699640      -2.2270429134       1.0060544014
   0.9806821942       0.4427381158      -0.2805550694       0.1055335179
   0.4099932909       0.0487629771       1.9321424961       0.6112297773
   0.1934776902       0.8151265383       1.0944005251      -2.5235037804
   0.7668192983       0.4417456388      -1.0325996876       0.3957901001
   0.5799058080       0.0429612398       1.5268558264       0.4224603474
   0.1584961414       0.8485684395       1.6908320189      -2.3718039989
   0.1300489306       0.8001126051       0.9492649436      -2.9145190716
   0.3464276791       0.7482738495      -0.0239652283      -2.2095611095
   0.5670534372       0.5191987157      -1.6047283411      -0.1945213526
   0.5743866563       0.5717422962      -1.4384361506      -0.6962106824
   0.1874758601       0.8179311156       1.1495673656      -2.5277309418
   0.6040073037       0.8442274332       0.8504180312      -1.2645123005
   0.7707436681       0.1181807518       0.8068625331       0.7405217886
   0.9155881405       0.5435442328      -0.6136302948      -0.1722055078
   0.9054686427       0.5273833871      -0.6663190126      -0.1157882661
   0.5302917957       0.2382962704       0.1255832016       1.7046827078
   0.7564732432       0.3206502795      -0.4869318604       1.0239028931
   0.9427856803       0.7540701032       0.0133204116      -0.5207600594
   0.6794608235       0.0075869560       1.3326563835       0.0635762289
   0.4396741986       0.5531214476      -1.8381047249      -0.6373531818
   0.2581595778       0.4298984408      -2.2590966225       1.0648114681
   0.6653887033       0.1215485930       0.9893855453       0.9473786354
   0.2787005901       0.1627858281       1.2637817860       2.0706424713
   0.2852931619       0.0863439441       2.0584254265       1.2409288883
   0.4623368979       0.8906885982       1.4576283693      -1.1952701807
   0.8867683411       0.5342334509      -0.7268382311      -0.1587958932
   0.1018203497       0.6462720037      -1.9676349163      -2.5789587498
   0.3891029358       0.4919807911      -2.0824570656       0.1050159335
   0.3989385366       0.3795328736      -1.4956009388       1.4127461910
   0.6696047783       0.0164461732       1.3519104719       0.1401981562
   0.5427313447       0.1131270528       1.2714840174       1.0946428776
   0.6195482612       0.7404381633      -0.0891626477      -1.4823091030
   0.5751101971       0.2556439042      -0.0565938242       1.5952452421
   0.3067271113       0.6597327590      -1.2534434795      -1.9677996635
   0.3866331577       0.8163620830       0.8472844362      -1.9128757715
   0.8252595067       0.7765839696       0.1563708633      -0.9274505377
   0.9555694461       0.3929883242      -0.3579455316       0.2849696875
   0.2796498537       0.8472433686       1.3898161650      -1.9843019247
   0.7444063425       0.2278914452       0.1614504755       1.1547633410
   0.9069365263       0.7969571948       0.1950445622      -0.6417824030
   0.1108796597       0.3865540624      -2.4078686237       2.0813910961
   0.3812918067       0.8069427013       0.7379992008      -1.9739345312
   0.7780002952       0.5700509548      -0.9727998376      -0.4581453502
   0.5915318131       0.8342587948       0.7853675485      -1.3422112465
   0.8788155913       0.7831341624       0.1594314575      -0.7547089458
   0.9893561006       0.6165028214      -0.1651386619      -0.1483839750
   0.4723032713       0.1601122618       0.9948846698       1.5701342821
   0.1590925455       0.6736195683      -1.3434695005      -2.5811157227
   0.5379666686       0.8364353776       0.8732767701      -1.4466918707
   0.1386069655       0.1610384583       1.5999068022       2.5577871799
   0.5912632346       0.8951241374       1.2300441265      -0.9525842667
   0.8072930574       0.3423537612      -0.5444031954       0.8304365277
   0.6141445637       0.5136317015      -1.4930193424      -0.1281914860
   0.0298407674       0.3068578839      -1.4064517021       3.7679719925
   0.0927278996       0.0709288120       2.9863426685       1.4266121387
   0.5125434399       0.0263271928       1.7306180000       0.2889165282
   0.4603692293       0.3236399293      -0.8437259197       1.6914852858
   0.2047709227       0.0126818419       2.6941058636       0.2151282132
   0.7009843588       0.8692604303       0.8713352680      -0.9365613461
   0.0125502348       0.7425437570      -0.2103011757      -4.4856343269
   0.0548686981       0.7308449149      -0.4390220940      -3.6300981045
   0.2296992540       0.2761927247      -0.4264462888       2.5677807331
   0.7306374907       0.7962642908       0.3445933163      -1.1518648863
   0.6820813417       0.0348687768       1.2957783937       0.2885192335
   0.9688872099       0.6593365073      -0.2057871819      -0.3213001788
   0.9653972983       0.8577856421       0.2523765266      -0.3138613403
   0.9473073483       0.7932502627       0.1340287179      -0.4810060859
   0.3747748733       0.3780183196      -1.5316466093       1.4746267796
   0.7876695395       0.3946436048      -0.8270335197       0.6444844007
   0.0156537294       0.1702038646       2.1031293869       3.8372128010
   0.9440484047       0.0531589985       0.4865193367       0.1688266397
   0.6879758835       0.6310869455      -0.8919115663      -0.9628835320
   0.6081373096       0.9384417534       1.4017350674      -0.5709238648
   0.9050995111       0.3933103085      -0.5310416222       0.4210235178
   0.1646800637       0.1192129254       2.1108918190       1.9627052546
   0.4838932157       0.2677593827      -0.2036121935       1.8171396255
   0.0562736988       0.7281553745      -0.4981174767      -3.6063516140
   0.8570786715       0.0626005530       0.7784698009       0.3230291009
   0.7302054167       0.9342279434       1.1021288633      -0.4832947552
   0.8838039637       0.3677257895      -0.5084285140       0.5571656823
   0.1693162322       0.8847793937       2.1427721977      -1.8943928480
   0.4194020033       0.6677389741      -0.9885880947      -1.7392423153
   0.2668107748       0.0560282469       2.3155972958       0.8506053090
   0.5467768908       0.6075918674      -1.3008013964      -1.0433717966
   0.9286526442       0.1718230247       0.2754164040       0.5148633718
   0.6724380851       0.5004318357      -1.3519821167      -0.0036683467
   0.3806166649       0.0959444642       1.7375097275       1.1959445477
   0.7856341600       0.1774865389       0.4638481736       0.9466292858
   0.7715991735       0.2968396544      -0.3170012236       1.0458490849
   0.4478841424       0.2142702937       0.4281881154       1.8751772642
   0.3440756798       0.9560117722       2.1326482296      -0.6049165726
   0.3658357859       0.4672110677      -2.1066179276       0.4402495027
   0.7567158341       0.8658747077       0.7540180683      -0.8458485007
   0.3140665293       0.2569398880      -0.1006790623       2.3074455261
   0.5468161702       0.7305566072      -0.2031996697      -1.6550189257
   0.8465886712       0.7417708635      -0.0452649742      -0.8746632934
   0.4898828268       0.2077814341       0.4752959311       1.7495385408
   0.1576006413       0.6023615003      -2.3344194889      -1.7495572567
   0.5724506378       0.4229819775      -1.4188723564       0.7457616329
   0.5043962598       0.1670044661       0.8844724298       1.5394879580
   0.9921275973       0.8244613409       0.0860444829      -0.1702941954
   0.3555542231       0.5662956238      -1.9958047867      -0.8830201030
   0.5177550316       0.5772947669      -1.5398966074      -0.8127925992
   0.9052863121       0.7956234217       0.1914192736      -0.6493644118
   0.7326185703       0.7769865990       0.2020123452      -1.1799390316
   0.7675795555       0.4532915950      -1.0565938950       0.3193068802
   0.5142450929       0.4747014642      -1.7281479836       0.2770356536
   0.6216729283       0.1038039923       1.1759501696       0.8980882764
   0.7907946706       0.4634649754      -1.0124869347       0.2365933210
   0.0954715610       0.6872091293      -1.2642927170      -3.0365641117
   0.9208745360       0.6131451726      -0.4669218957      -0.4020738304
   0.0770006180       0.8323209882       1.6992838383      -2.9869632721
   0.4725676775       0.7728413939       0.2657540441      -1.8389980793
   0.2375802994       0.1428329945       1.6045011282       2.0113546848
   0.7685902119       0.9735136032       1.0858274698      -0.1823891401
   0.0344364047       0.0666956902       3.5981910229       1.6028041840
   0.6843005419       0.8241463900       0.5937879682      -1.1809906960
   0.3329336047       0.7869963646       0.5184918046      -2.1901829243
   0.9373834729       0.1780530810       0.2383897752       0.4909249246
   0.5376172066       0.8003519773       0.5260149837      -1.6068077087
   0.8292675018       0.5857692361      -0.7969923615      -0.4765542448
   0.6380627751       0.8839976192       1.0730943680      -0.9581387639
   0.9648514986       0.7093496919      -0.1025652289      -0.3927951455
   0.4354392886       0.4780363441      -1.9382879734       0.2691981494
   0.3083482385       0.5185309052      -2.3121294975      -0.2704315782
   0.1366523504       0.5339766741      -2.9590373039      -0.6414750814
   0.3032860756       0.9877260327       2.3372426033      -0.1806054264
   0.8864240050       0.1049432158       0.5889735818       0.4565182924
   0.9764381051       0.6064198017      -0.2600339353      -0.2054444551
   0.5718941689       0.2940543294      -0.4384287596       1.5432496071
   0.4958699942       0.3138402700      -0.7018155456       1.6547791958
   0.9009841084       0.0384486914       0.6728815436       0.1657927930
   0.3718894124       0.8280163407       1.0049080849      -1.8831422329
   0.5553550124       0.5468708873      -1.5750466585      -0.4777407348
   0.2452743649       0.7500418425       0.0006688914      -2.5442426205
   0.3535743356       0.5925562978      -1.8285768032      -1.2020765543
   0.9568766356       0.3103899956      -0.1669013351       0.4185452759
   0.3506705761       0.3538884521      -1.3343799114       1.7453064919
   0.0293233991       0.5595121384      -3.7533049583      -1.4727460146
   0.1854909062       0.0018427968       2.7854828835       0.0322535262
   0.7624180317       0.8165600300       0.4539564252      -1.0214442015
   0.1500117183       0.2762720585      -0.4857359529       2.9157905579
   0.3559758663       0.9373802543       2.0145096779      -0.8362135291
   0.5608409643       0.3074250221      -0.5761849880       1.5270045996
   0.3076357245       0.7560598850       0.0887009948      -2.3284895420
   0.8948951960       0.5644782186      -0.6572923660      -0.2818810046
   0.3351914883       0.8719357848       1.5557616949      -1.6168516874
   0.3212126493       0.1366142631       1.4950063229       1.7308290005
   0.5034332871       0.5302391052      -1.7459579706      -0.3357785642
   0.0712180734       0.7011718750      -1.0535243750      -3.3255341053
   0.3528294563       0.3950584531      -1.7313463688       1.3419517279
   0.3243697286       0.0500231981       2.1656692028       0.7040175796
   0.9543074965       0.6732009649      -0.2153730541      -0.4111374319
   0.5686540008       0.4115384817      -1.3697284460       0.8507956862
   0.4181042314       0.0299615860       1.9687238932       0.3750617206
   0.1678219438       0.0523710847       2.7133989334       0.9265492558
   0.3915001750       0.0852541924       1.7871953249       1.0608007908
   0.5468075275       0.8519271016       0.9963753819      -1.3370441198
   0.9913228750       0.5906603932      -0.1687165648      -0.1080553979
   0.7142411470       0.0349529982       1.2151174545       0.2712341845
   0.6502116323       0.7373183370      -0.1120787933      -1.4036114216
   0.8547230363       0.4634556770      -0.8280001283       0.1935342848
   0.4902149439       0.0705879331       1.6367665529       0.7776019573
   0.7689962983       0.7318725586      -0.1250096262      -1.0928066969
   0.2721881866       0.4438483715      -2.2973895073       0.8459388614
   0.7106356621       0.1035794020       0.9979518056       0.7599214315
   0.8606290817       0.2784645557      -0.1479131430       0.8181954622
   0.7001518011       0.0020338297       1.2812407017       0.0163737759
   0.3173229694       0.2424821258       0.1085713208       2.2967674732
   0.7433213592       0.3967745304      -0.9315207005       0.7060681581
   0.0059841275       0.8914868832       3.7700257301      -3.0599644184
   0.5345042944       0.6922261715      -0.6031481624      -1.5879174471
   0.5075392127       0.3322554827      -0.8733140230       1.5365629196
   0.2868202329       0.9482015371       2.2725150585      -0.7668814063
   0.5396595597       0.3752873540      -1.1940094233       1.1897056103
   0.3393333554       0.1622677445       1.1685483456       1.9006662369
   0.7387089729       0.9106582403       0.9998214841      -0.6287207007
   0.6043967009       0.5256620049      -1.5031496286      -0.2444889843
   0.2395678759       0.2790823579      -0.4661821127       2.5227510929
   0.8989070058       0.1091361642       0.5422635674       0.4436640739
   0.7497397065       0.3640788198      -0.7566910982       0.8683784008
   0.7437104583       0.4085966349      -0.9804847836       0.6344305277
   0.9923120737       0.3129451275      -0.0726380944       0.1739859432
   0.2987328172       0.4941163659      -2.3574125767       0.0871884599
   0.3579803109       0.6741991639      -0.9972749949      -1.9331532717
   0.6977652907       0.7979099751       0.3817359507      -1.2295731306
   0.7398616076       0.1738160849       0.5426068902       1.0456237793
   0.0533490181       0.5155345201      -3.6567089558      -0.3580555022
   0.2753167748       0.5773323774      -2.1552996635      -1.1382677555
   0.4664469361       0.4621875286      -1.8215429783       0.4410979748
   0.8062315583       0.9934489131       0.9951784611      -0.0409863815
   0.7913277149       0.9537230134       0.9946868420      -0.2976582050
   0.1038228273       0.7307420969      -0.3898802996      -3.2063846588
   0.3588764071       0.3406837583      -1.1719990969       1.8293555975
   0.5693588257       0.2745212913      -0.2471803874       1.5916045904
   0.4325630069       0.8246464133       0.8880531788      -1.7525168657
   0.7275967598       0.4158796072      -1.0451165438       0.6103092432
   0.3259830475       0.4842763543      -2.2611241341       0.2241164446
   0.6641751528       0.4776874781      -1.3594174385       0.1918402463
   0.1617481112       0.2462089658       0.0689919889       2.8958692551
   0.2973051071       0.6254345775      -1.6668158770      -1.6759433746
   0.7274548411       0.4572981000      -1.1673238277       0.3209358752
   0.8215245008       0.5381712317      -0.9243453741      -0.2260429859
   0.7734308243       0.7817538381       0.2156011611      -1.0662481785
   0.7849964499       0.5371577144      -1.0272887945      -0.2442947626
   0.9535260201       0.5449191928      -0.4496569932      -0.1303898990
   0.3298940659       0.7798437476       0.4213176966      -2.2204661369
   0.6690069437       0.4900959134      -1.3580394983       0.0846189782
   0.0135217309       0.3354831934      -2.2779574394       3.8252625465
   0.1125310063       0.3775152564      -2.2781472206       2.2072548866
   0.2910692692       0.9280281663       2.1446006298      -1.0418182611
   0.4945520163       0.0334572196       1.7612153292       0.3757909834
   0.2262060046       0.1372747421       1.7020787001       1.9871760607
   0.2168595195       0.0585022569       2.4761102200       0.9535062313
   0.1864327192       0.5582806468      -2.5970647335      -0.9959334731
   0.1517130733       0.9481511712       2.7921600342      -0.9432247877
   0.2056503892       0.8492130041       1.5756316185      -2.1913766861
   0.7946431041       0.6940961480      -0.3540379405      -0.9661274552
   0.8269987702       0.0774298906       0.8268415928       0.4373238683
   0.7867767811       0.4899575710      -1.0488928556       0.0662714839
   0.4989122152       0.7727689147       0.2551500797      -1.7713174820
   0.0836179852       0.6261578202      -2.3731288910      -2.4079105854
   0.6290427446       0.7729521394       0.2099953741      -1.4460432529
   0.8762517571       0.8450562358       0.4386749566      -0.6450002789
   0.7780030370       0.5407124758      -1.0402876139      -0.2720701993
   0.4050648212       0.9231275916       1.8068230152      -0.9475603700
   0.0080400109       0.1028958559       3.7621910572       2.8393929005
   0.6178707480       0.9456071258       1.4030616283      -0.4990955591
   0.1539515257       0.2488017678       0.0221018810       2.9356224537
   0.3957247734       0.1667817831       1.0318957567       1.7902849913
   0.1973619461       0.1775000691       1.2027503252       2.4551215172
   0.4976451397       0.2881950736      -0.4261466265       1.7414877415
   0.0965500474       0.6207089424      -2.3819894791      -2.2568879128
   0.8931368589       0.4747794271      -0.7124510407       0.1138535440
   0.6598373652       0.7974641323       0.4066051841      -1.3227514029
   0.5112004876       0.0674577355       1.6024472713       0.7230204940
   0.2401031256       0.6854789257      -1.0109879971      -2.3556787968
   0.1416760087       0.3647633791      -1.9807090759       2.2534184456
   0.1873650551       0.1912513375       1.0020748377       2.5902698040
   0.5045931339       0.4183148742      -1.5462770462       0.8715186119
   0.3339959383       0.9684921503       2.2035591602      -0.4420276284
   0.8984967470       0.1241071224       0.4992602468       0.4936896265
   0.5878705382       0.6077250838      -1.2194169760      -0.9797718525
   0.5324487090       0.3653180003      -1.1293107271       1.2758036852
   0.4101417661       0.0237605572       2.0035696030       0.3013591468
   0.3269150257       0.2752354741      -0.3583138585       2.2408418655
   0.1637077332       0.3619824052      -1.8678724766       2.2014548779
   0.3882258534       0.9385381937       1.9338557720      -0.7862896919
   0.0485172868       0.0306023955       3.6644289494       0.7134121060
   0.5261592865       0.5439206958      -1.6547392607      -0.4686011970
   0.6917914152       0.9176691175       1.1323012114      -0.6442595720
   0.9892822504       0.9425375462       0.2084199041      -0.0786991343
   0.7348090410       0.2054935694       0.3288264871       1.1450709105
   0.2871038318       0.4438698292      -2.2499129772       0.8281127810
   0.1743664145       0.3895144463      -2.1799113750       1.8146098852
   0.3688647747       0.2276080847       0.3005507290       2.1221096516
   0.0957418680       0.9525105953       3.1420128345      -0.9663803577
   0.3352001905       0.5777771473      -1.9811315536      -1.0533763170
   0.7325085998       0.8552305698       0.7352622151      -0.9450641274
   0.4414483905       0.4596869946      -1.8787722588       0.4863272607
   0.7462510467       0.4100671411      -0.9806085229       0.6217329502
   0.4398390055       0.5281190276      -1.9147471189      -0.3418563008
   0.2920399308       0.6986911297      -0.7543805242      -2.2583785057
   0.3994787931       0.2389229536       0.1429685652       2.0508537292
   0.7916831374       0.2601643801      -0.0662000552       1.0351577997
   0.0113944411       0.6151961088      -3.4016821384      -3.0064437389
   0.8945875764       0.4695484638      -0.7032205462       0.1362153143
   0.8848601580       0.2155255079       0.1613232642       0.7330803275
   0.9319549203       0.8766814470       0.4070912600      -0.3985791802
   0.4761576056       0.1792516112       0.7949939370       1.6690313816
   0.0844883323       0.4650033712      -3.2924988270       0.7358874679
   0.8296297193       0.1903350353       0.3396259248       0.8631011248
   0.5443721414       0.9197101593       1.4651353359      -0.8089430928
   0.0300607085       0.0384884477       3.9007883072       0.9621575475
   0.2142692804       0.9789608121       2.6405239105      -0.3511066735
   0.4982854724       0.9770295620       1.7725931406      -0.2576252818
   0.7617777586       0.9509565234       1.0667737722      -0.3395413458
   0.3389739394       0.7241825461      -0.3605195582      -2.2029399872
   0.5316515565       0.6527692080      -0.9785096645      -1.3972964287
   0.3740355372       0.6454803944      -1.2993538380      -1.6855980158
   0.7865093946       0.3823421001      -0.7771888375       0.7085981369
   0.9740723968       0.3140454888      -0.1362299025       0.3200615942
   0.7211799622       0.0627576709       1.1328454018       0.4713901281
   0.3443650007       0.0543310642       2.0880401134       0.7418419719
   0.6130475998       0.6817625761      -0.6241220236      -1.3653739691
   0.8538480997       0.9942572117       0.8525315523      -0.0307752565
   0.2698957324       0.2127323747       0.5698843002       2.3891003132
   0.5256045461       0.1102595329       1.3244340420       1.0993099213
   0.6086706519       0.0081435442       1.5102303028       0.0773420632
   0.0658578277       0.2407181263       0.2063175738       3.5336859226
   0.9370114207       0.9352129102       0.5026849508      -0.2167332768
   0.0344041586       0.4929087162      -3.9356682301       0.1754731834
   0.0483881831       0.3100403547      -1.3757785559       3.4722476006
   0.0266208649       0.2578242421      -0.2008291036       4.0818252563
   0.4321238399       0.5182520747      -1.9529536963      -0.2249540538
   0.2040029764       0.2252514958       0.4190693498       2.6732327938
   0.5627924800       0.5159917474      -1.6189783812      -0.1632231921
   0.9449933171       0.6053718328      -0.4026307166      -0.3138217628
   0.1402038336       0.3688447475      -2.0432770252       2.2077665329
   0.9120634198       0.6907184720      -0.2369594276      -0.6064758897
   0.1813321710       0.9535058737       2.6855394840      -0.8076363802
   0.1733686328       0.3882128000      -2.1685516834       1.8353852034
   0.2203353047       0.4995846152      -2.6395094395       0.0068889759
   0.1113451123       0.1949396729       1.0782313347       2.9913446903
   0.8934780955       0.9152030945       0.6204345226      -0.3658561409
   0.8478650451       0.5930924416      -0.7269229293      -0.4813821018
   0.9425324798       0.5184600949      -0.5186083317      -0.0604236536
   0.8430088162       0.9381038547       0.8206764460      -0.3362930417
   0.2742901444       0.7592371106       0.1415888071      -2.4368281364
   0.8655014038       0.9486409426       0.7735688090      -0.2586712837
   0.8072775006       0.3128516674      -0.3820384443       0.9165887833
   0.4637340307       0.4135525823      -1.6105750799       0.9723689556
   0.2226917148       0.1297624111       1.8033699989       1.9146581888
   0.0862666368       0.0927461386       2.8050262928       1.8487741947
   0.2119629979       0.4775776267      -2.6466200352       0.3753528893
   0.2895677686       0.8618119359       1.5438252687      -1.8234918118
   0.0542553067       0.1202922463       2.6660566330       2.5128223896
   0.7956107855       0.9879786372       1.0232999325      -0.0774396732
   0.9319350123       0.2949922681      -0.1589462161       0.5471956730
   0.9577933550       0.2964605689      -0.1282614470       0.4268191457
   0.3627027869       0.6078764796      -1.6835530996      -1.3553313017
   0.9778050184       0.1078318357       0.2505122423       0.2015571445
   0.2906227708       0.2544918060      -0.0673235282       2.3847928047
   0.3242089152       0.2688812017      -0.2695828676       2.2617189884
   0.4854040146       0.6048878431      -1.4424895048      -1.1172823906
   0.9923006892       0.8467706442       0.1077835932      -0.1548642814
   0.3792891502       0.3813626170      -1.5527331829       1.4332956076
   0.8560659885       0.9050099254       0.6997849941      -0.4755095840
   0.1102315187       0.6343247890      -2.1177296638      -2.3816475868
   0.0052344799       0.5112603903      -4.9063282013      -0.3477085829
   0.4447839856       0.5299717188      -1.8975898027      -0.3616351485
   0.0757942200       0.8216526508       1.4999961853      -3.1035885811
   0.4690625072       0.6917616725      -0.6681417227      -1.7436791658
   0.7138228416       0.3726386428      -0.8679594398       0.8941048384
   0.4316353202       0.5075301528      -1.9649900198      -0.0930396840
   0.4875787497       0.3001503944      -0.5637146235       1.7293730974
   0.0451024771       0.0471071005       3.6137013435       1.1019617319
   0.6886397004       0.1403433084       0.8333577514       1.0117923021
   0.4822716713       0.8654237986       1.2156653404      -1.3715220690
   0.3396699429       0.5441420674      -2.1449005604      -0.6106325984
   0.3458448648       0.5761759877      -1.9629399776      -1.0185067654
   0.9305299520       0.1865106821       0.2236822993       0.5306627154
   0.2271339893       0.1144919991       1.9654470682       1.7216564417
   0.3745244741       0.0172405243       2.1143960953       0.2299429327
   0.0615430474       0.1696028113       1.7342052460       3.1359441280
   0.4081434011       0.7324023843      -0.2241803408      -2.0192446709
   0.2997093797       0.9992120266       2.3558070660      -0.0116636558
   0.1679068208       0.4523406029      -2.7392477989       0.8457066417
   0.3873754144       0.7652838826       0.2003985792      -2.0803823471
   0.2480269670       0.6360592246      -1.6631561518      -1.9119830132
   0.4259525537       0.7197420001      -0.3746674359      -1.9469232559
   0.5881918669       0.9470364451       1.4776872396      -0.5107386708
   0.5772613883       0.9962274432       1.5904060602      -0.0377055295
   0.9925109148       0.2637425661      -0.0160472244       0.1853834689
   0.2023802996       0.7951877117       0.7598825097      -2.6040651798
   0.5399941802       0.5564442277      -1.5798550844      -0.5850306749
   0.8035895228       0.0928202271       0.8376917243       0.5526765585
   0.4931260943       0.6055527925      -1.4220234156      -1.1109666824
   0.8284567595       0.2784981132      -0.1658187807       0.9161387086
   0.6577007771       0.1059821844       1.0924252272       0.8582218885
   0.3385449648       0.1899009943       0.8235167861       2.0761916637
   0.4892812371       0.7390695214      -0.1245194599      -1.8102335930
   0.3296274543       0.0269382000       2.2285995483       0.3808514774
   0.0600778461       0.3375256062      -1.8809512854       3.0683252811
   0.9442198873       0.1299262643       0.3521446288       0.3746479452
   0.1275711060       0.4239261150      -2.7344753742       1.4166060686
   0.8609752059       0.8255538940       0.3795405626      -0.7385249734
   0.5691257119       0.8608922958       1.0340062380      -1.2357269526
   0.2100823522       0.3088011146      -0.9680544138       2.4998817444
   0.0610489249       0.3471142650      -2.0563971996       2.9410836697
   0.0719181895       0.0616291761       3.2241525650       1.3148663044
   0.7989248037       0.5703822970      -0.9190351963      -0.4351645708
   0.9137526751       0.7101009488      -0.1598961055      -0.6243981123
   0.1875238419       0.9300656915       2.5128700733      -1.1812002659
   0.9527984858       0.5614622235      -0.4371656775      -0.1777492762
   0.2111247778       0.5221459270      -2.6506469250      -0.3712284565
   0.0368158817       0.1625083089       2.0374507904       3.3252072334
   0.1641744971       0.3848859072      -2.1625740528       1.9093225002
   0.2798786759       0.9040883780       1.9952212572      -1.3727231026
   0.2839148641       0.4186867476      -2.1006588936       1.1775224209
   0.9819040895       0.3820828199      -0.2139973938       0.1957504749
   0.3271863461       0.2457794547       0.0601492040       2.2676689625
   0.6684404016       0.2467309833       0.0279754791       1.3618191481
   0.0483496189       0.0898495317       3.1557626724       1.9985252619
   0.8552936912       0.7635284662       0.0720379204      -0.8454443216
   0.6228736639       0.7722803950       0.2060462385      -1.4622169733
   0.0028777122       0.4878905416      -5.1761851311       0.3945968151
   0.3641920686       0.9009367228       1.7524346113      -1.2575266361
   0.3151759505       0.6100050807      -1.7768507004      -1.4700342417
   0.3121097684       0.8698455095       1.5836787224      -1.6897305250
   0.6663545370       0.4348378778      -1.2543659210       0.5443302989
   0.6571385264       0.6253246665      -0.9813223481      -0.9853342175
   0.1193724871       0.9001858830       2.5334885120      -1.8361700773
   0.0060455203       0.1298500896       3.3238737583       3.5328917503
   0.4538230896       0.1698832512       0.9202221632       1.6709731817
   0.6145288944       0.6176363230      -1.1067713499      -1.0088187456
   0.3749392629       0.4121552706      -1.8100161552       1.1145792007
   0.1340031028       0.5145843029      -3.0298588276      -0.2784235179
   0.9765149355       0.9656137824       0.3231593966      -0.0709272698
   0.3198891878       0.9100232720       1.9347465038      -1.2274305820
   0.9071286321       0.8861618042       0.5058244467      -0.4394236803
   0.6332331300       0.7289128304      -0.1916492879      -1.4379945993
   0.9215037823       0.9062787890       0.5102704763      -0.3408183455
   0.1030910611       0.3599197865      -2.0608360767       2.4936807156
   0.8904561400       0.1919347048       0.2608254850       0.6829090118
   0.4205985665       0.1303262115       1.3642486334       1.4587575197
   0.1450915337       0.7090070248      -0.7595586181      -2.8834786415
   0.7840967178       0.7902615666       0.2649065852      -1.0247483253
   0.9066097736       0.4760996699      -0.6644391418       0.1005358249
   0.5582484603       0.2144134045       0.3633452356       1.5978275537
   0.6401512027       0.9806337953       1.4227579832      -0.1739827842
   0.6772423387       0.2360293865       0.1174570769       1.3346468210
   0.4086228609       0.8347758055       1.0310540199      -1.7490355968
   0.1825800538       0.1510927081       1.6294597387       2.2754492760
   0.9840326905       0.4031482339      -0.2234054059       0.1556564420
   0.7145662308       0.9081560373       1.0427012444      -0.6787906885
   0.1049951315       0.1446321011       1.9806575775       2.5412964821
   0.3945347071       0.1082286835       1.6093422174       1.3014683723
   0.7851896882       0.1882928610       0.3990215659       0.9770621657
   0.4646366835       0.2012617588       0.5664458871       1.7915457487
   0.6150124073       0.8458572626       0.8477221131      -1.2330461740
   0.9944475889       0.2767119408      -0.0267517064       0.1578924209
   0.5976805687       0.6546950936      -0.8678827882      -1.2718029022
   0.5701099634       0.2125967741       0.3746151626       1.5645748377
   0.9914915562       0.9869583249       0.1977217346      -0.0162383243
   0.5705026388       0.4856830835      -1.6013112068       0.1444371045
   0.4060210586       0.1386097074       1.3124493361       1.5585558414
   0.5619872808       0.5591917038      -1.5178282261      -0.5920515656
   0.9102765322       0.7322206497      -0.0733556896      -0.6539223790
   0.5357987285       0.5285717249      -1.6680803299      -0.3027151525
   0.8437123299       0.8342444301       0.4467477500      -0.7636603117
   0.7854089141       0.0475569963       1.0080502033       0.3105119765
   0.1341234446       0.4792572856      -3.0161461830       0.3953362107
   0.3930053711       0.7528365254       0.0369626507      -2.0737221241
   0.8313658237       0.6469762325      -0.5561994910      -0.7357329130
   0.5153896809       0.6647274494      -0.8920145035      -1.5024360418
   0.9928613305       0.9661045671       0.1775511652      -0.0383955613
   0.6483542323       0.6102872491      -1.0869156122      -0.9024839997
   0.9536817074       0.7102541327      -0.1155088618      -0.4528782070
   0.5948912501       0.4422098398      -1.4458423853       0.5493527651
   0.5426270962       0.7047853470      -0.4703295529      -1.6107729673
   0.2809870839       0.9494491220       2.2971227169      -0.7551807165
   0.3109043241       0.6607694030      -1.2334796190      -1.9645814896
   0.7167450786       0.1174320579       0.9164118767       0.8331558108
   0.0042595267       0.0126354098       4.9984159470       0.3976631761
   0.9691672921       0.8647154570       0.2506589890      -0.2853435874
   0.7482336164       0.7084652185      -0.2982234657      -1.1166857481
   0.5471078753       0.1878845096       0.6341001987       1.5413755178
   0.4106661081       0.1338317394       1.3500394821       1.5088461637
   0.4655823112       0.3772299290      -1.3453230858       1.3081427813
   0.4073936343       0.2223071456       0.3520854712       2.0030252934
   0.8521258235       0.1817692518       0.3568822742       0.7808278203
   0.4681147337       0.5664252043      -1.7092977762      -0.7579231858
   0.2722235322       0.8839941621       1.8260509968      -1.6305059195
   0.6913760900       0.6589213610      -0.7060655355      -1.0960903168
   0.6175294518       0.9137169719       1.2763850689      -0.7688072324
   0.7070695162       0.1624894142       0.6602751017       1.0773102045
   0.0585402846       0.3341611028      -1.8240225315       3.1216909885
   0.2806195021       0.7663390040       0.2479335517      -2.4065804482
   0.1819831729       0.7381791472      -0.2078767121      -2.7936856747
   0.5483864546       0.1838156581       0.6719902754       1.5217092037
   0.5200932622       0.0946804285       1.4371629953       0.9724822044
   0.4095875025       0.3768306375      -1.4501564503       1.4171743393
   0.2928770781       0.5765838623      -2.1082062721      -1.1007473469
   0.3848900795       0.7305559516      -0.2555661201      -2.0814619064
   0.1880025864       0.3258717060      -1.2731304169       2.4651865959
   0.1444779634       0.4825118184      -2.9671096802       0.3273489475
   0.6467804909       0.7932544947       0.3803044260      -1.3647071123
   0.3609748483       0.0930989981       1.8062001467       1.1962069273
   0.1485027075       0.7975472808       0.8723297119      -2.8325576782
   0.0691871047       0.7167172432      -0.7281539440      -3.4310560226
   0.8837834597       0.6730634570      -0.3506192267      -0.6679117680
   0.9992209077       0.2924947739      -0.0158082545       0.0577927046
   0.2941692472       0.2834140062      -0.4947604537       2.3218770027
   0.5302386284       0.7009839416      -0.5181841254      -1.6290061474
   0.7338173389       0.3411813974      -0.6472197771       1.0033150911
   0.6348088384       0.9264489412       1.2949975729      -0.6450520158
   0.0223708749       0.5549857020      -3.9364266396      -1.4168013334
   0.1803705096       0.2058087587       0.7698910236       2.7011404037
   0.1079721451       0.0965574980       2.6305224895       1.8255860806
   0.5245555639       0.5245873332      -1.7033631802      -0.2652606964
   0.2724136710       0.3347250819      -1.2421903610       2.1087341309
   0.3242900372       0.2080839276       0.5929006934       2.1989459991
   0.1185917854       0.7069927454      -0.8365381956      -3.0200181007
   0.3363156319       0.2822572589      -0.4509686530       2.1944952011
   0.8493447900       0.8847747445       0.6497177482      -0.5744395852
   0.7590594292       0.4800515175      -1.1179965734       0.1408681571
   0.4215222597       0.6208589077      -1.4467228651      -1.3733305931
   0.3928219676       0.0629739761       1.9142799377       0.7996079326
   0.8893129826       0.7256917953      -0.1118317395      -0.7265020609
   0.0432068110       0.3104152083      -1.4095933437       3.5332677364
   0.7105071545       0.2246336937       0.1991268247       1.2387776375
   0.7288768888       0.4939677119      -1.2060506344       0.0457336120
   0.6326192021       0.4445227385      -1.3649113178       0.4960268438
   0.8274704218       0.6903676987      -0.3418087661      -0.8691719174
   0.9157320857       0.9788408875       0.6311483383      -0.0844069198
   0.7210088372       0.4951325059      -1.2268788815       0.0375337899
   0.8930833340       0.2030224800       0.2099380940       0.6904717088
   0.4571409822       0.9730966687       1.8717277050      -0.3194426596
   0.4455938935       0.4557601213      -1.8555055857       0.5294775963
   0.9377143979       0.8190254569       0.2287118584      -0.4938644171
   0.5436239243       0.8724496365       1.1656305790      -1.2035993338
   0.9256720543       0.8019344807       0.1911923736      -0.5649699569
   0.1585840583       0.3910325170      -2.2560043335       1.8418080807
   0.1164876223       0.2543116808      -0.0852415934       3.1457109451
   0.0031552315       0.0603170991       4.7847461700       1.9054511786
   0.1792050004       0.5033114552      -2.8134181499      -0.0585457981
   0.0107763410       0.6583406925      -2.4877583981      -3.8311996460
   0.0997229218       0.8546113968       1.9909273386      -2.5796694756
   0.0473207235       0.7872026563       0.8682823777      -3.6466565132
   0.8069931269       0.2602674961      -0.0640705004       0.9917691946
   0.7202993035       0.9065774083       1.0235273838      -0.6808576584
   0.0816921592       0.4755006433      -3.3564667702       0.5207943916
   0.6912938952       0.2600263357      -0.0820959732       1.3014416695
   0.3510851264       0.3475452065      -1.2630654573       1.7960758209
   0.3284574151       0.0727482438       2.0320510864       0.9994248152
   0.2076904774       0.1758214235       1.2091134787       2.4036064148
   0.3585843444       0.0920814872       1.8197149038       1.1884912252
   0.3182775378       0.3028151393      -0.7481189370       2.1710393429
   0.8091543913       0.2885614634      -0.2369548082       0.9587724209
   0.3303922415       0.8519387245       1.3496985435      -1.8108954430
   0.9719994664       0.4033655524      -0.2970328629       0.2063540369
   0.0242344737       0.7544077039       0.1146222726      -4.1377635002
   0.3923475742       0.1758533120       0.9325134754       1.8546766043
   0.0255920291       0.5137249231      -4.0936450958      -0.3538982570
   0.0950661302       0.7905865312       0.8304895759      -3.1857566833
   0.7884064317       0.1883107424       0.3955254257       0.9688123465
   0.9431042075       0.1242890954       0.3689328730       0.3656516373
   0.6987932324       0.7315386534      -0.1487014145      -1.2761974335
   0.9410793185       0.8465311527       0.3014682531      -0.4345450103
   0.1446462870       0.3375403881      -1.5598933697       2.5440652370
   0.1196767092       0.9594419599       3.0260498524      -0.7882773876
   0.5518964529       0.1328414679       1.1109548807       1.2261983156
   0.6550424099       0.9024564028       1.1418516636      -0.8029741645
   0.7884382606       0.9428551793       0.9796262980      -0.3676736653
   0.7590449452       0.8441363573       0.6283310652      -0.9354400039
   0.5730122924       0.4786323309      -1.5871006250       0.2143689543
   0.4833582044       0.9536486268       1.7528473139      -0.5254290700
   0.1414034367       0.0869464874       2.5647761822       1.5594534874
   0.4478256106       0.2403467894       0.1166004092       1.9200626612
   0.3314615488       0.5589973330      -2.1020655632      -0.8169856668
   0.6562855840       0.5883870125      -1.1834731102      -0.7343371511
   0.2506133914       0.4253113866      -2.2517402172       1.1417751312
   0.8086563945       0.4346715808      -0.9068963528       0.3946729302
   0.2743569016       0.7805388570       0.4654577374      -2.3959145546
   0.5197159052       0.7077955008      -0.4550347030      -1.6755433083
   0.7230271697       0.6462074518      -0.7417448759      -0.9713801146
   0.5412247181       0.4461253285      -1.5861563683       0.5584145784
   0.3140257597       0.9499138594       2.1963355541      -0.7149471045
   0.7554236054       0.8984413743       0.9129477143      -0.6770537496
   0.5442037582       0.0464119911       1.6033706665       0.4812879562
   0.1236294508       0.2640887499      -0.2743269801       3.0908627510
   0.0207994580       0.3360580206      -2.1740736961       3.6210014820
   0.3026580811       0.8998736143       1.8970568180      -1.3805954456
   0.3354554772       0.7263626456      -0.3318999410      -2.2182919979
   0.0241506100       0.1091661453       3.2046966553       2.6229963303
   0.7018908262       0.4091970325      -1.0746389627       0.6896165013
   0.6723117828       0.1136210561       1.0220906734       0.8854745030
   0.9941044450       0.6759946346      -0.0740021840      -0.1475092173
   0.7705420256       0.0264203548       1.0806583166       0.1810598224
   0.9974057078       0.4981341958      -0.1093763784       0.0012822992
   0.1227207780       0.0044882894       3.1072471142       0.0876499489
   0.0210052729       0.4397647381      -3.9196486473       1.5586049557
   0.1847699285       0.6810401678      -1.1709330082      -2.5311675072
   0.4813585877       0.2021454573       0.5435034633       1.7527827024
   0.2783765197       0.2777981162      -0.4217400849       2.3900208473
   0.0673655868       0.0607059598       3.2716233730       1.3121436834
   0.0507256389       0.1661975980       1.8622843027       3.2037281990
   0.3594240546       0.0989000201       1.7651269436       1.2638936043
   0.4354746342       0.5004798174      -1.9567879438      -0.0058993064
   0.3481453061       0.9506768584       2.0995111465      -0.6723145843
   0.3449949026       0.1605667472       1.1796596050       1.8735598326
   0.9260374308       0.8741351366       0.4183786809      -0.4229505956
   0.0164995193       0.9091305733       3.6583437920      -2.3497867584
   0.3561384082       0.3179306388      -0.9027587771       1.9850506783
   0.0768777728       0.0758959055       3.0540616512       1.5778396130
   0.6984637976       0.1708273292       0.6135144234       1.1298513412
   0.1422314644       0.6889674664      -1.1213907003      -2.7794895172
   0.5871883035       0.7596827149       0.0952125117      -1.5630782843
   0.5757471919       0.6383310556      -1.0292969942      -1.2179732323
   0.4145322442       0.6419951320      -1.2641978264      -1.5677589178
   0.5630688667       0.2928855419      -0.4329861403       1.5677992105
   0.0839993954       0.6570664644      -1.8621138334      -2.8180389404
   0.0074028373       0.7728334069       0.6796427369      -4.7047448158
   0.9020925164       0.7742831111       0.1047029644      -0.6809047461
   0.6730608940       0.1211498380       0.9777017832       0.9315065742
   0.8468096256       0.9443548322       0.8222007751      -0.2997809947
   0.2800372243       0.6783680916      -1.0533466339      -2.1801671982
   0.0028067827       0.3210135102      -2.2449464798       4.6929483414
   0.9190006852       0.7879243493       0.1472276747      -0.6061233282
   0.9855483174       0.0707595944       0.2337673903       0.1113684028
   0.9178168774       0.6038846970      -0.4992909729      -0.3817159235
   0.9387974143       0.4192841053      -0.4714593291       0.2619554102
   0.6695515513       0.2432004213       0.0580555238       1.3580548763
   0.7183148861       0.5727363229      -1.1077681780      -0.5447311401
   0.9411634803       0.0941271186       0.4387255311       0.2946531177
   0.2410700917       0.4470762610      -2.4196157455       0.8356233835
   0.5962053537       0.8005986810       0.4824551940      -1.4660568237
   0.6937448382       0.6197178960      -0.9476016760      -0.8867016435
   0.2920591831       0.1114579439       1.8205958605       1.5344346762
   0.9823995233       0.8400840163       0.1533680111      -0.2413875610
   0.5087840557       0.4386015534      -1.6345466375       0.6638349295
   0.2100845575       0.9481166005       2.5395755768      -0.8585133553
   0.4866889715       0.5535420775      -1.7191499472      -0.6012007594
   0.8181425929       0.6993474364      -0.3008712232      -0.9132286310
   0.0025060773       0.5444666147      -5.0485272408      -1.4484031200
   0.1307668686       0.7914180756       0.7876446247      -2.9580030441
   0.6546761990       0.7607298493       0.0941004828      -1.3936691284
   0.1783767343       0.0039661527       2.8169412613       0.0702129155
   0.8578519821       0.5122406483      -0.8378782272      -0.0645687953
   0.6289098263       0.9915883541       1.4595036507      -0.0772094876
   0.6485942006       0.6445934772      -0.8683620095      -1.1136004925
   0.7300691605       0.9217860699       1.0613347292      -0.5680578947
   0.7375723124       0.7007380128      -0.3606724441      -1.1278036833
   0.1844407320       0.0657691360       2.5554802418       1.1205482483
   0.6216568947       0.2638720274      -0.1288090050       1.4740923643
   0.6015122533       0.3215758204      -0.6651695371       1.3779759407
   0.7954176664       0.2887136936      -0.2473014593       0.9965439439
   0.8583325148       0.3439790606      -0.4670302868       0.6967871785
   0.2213702798       0.6431192756      -1.6397655010      -2.0631628036
   0.4164936543       0.4639975429      -1.9573907852       0.4504919648
   0.2349289060       0.6889092922      -0.9672854543      -2.3949995041
   0.0611595511       0.8187993765       1.5029670000      -3.2575290203
   0.2013857365       0.6152461767      -2.0351569653      -1.7998344898
   0.0917265415       0.1998353601       1.0283181667       3.1537334919
   0.4037004113       0.8068885207       0.7151584029      -1.9148288965
   0.3088811040       0.2830370069      -0.4794031978       2.2762460709
   0.4787701368       0.6306950450      -1.2549699545      -1.3481575251
   0.3436092734       0.5274545550      -2.1852667332      -0.3807471395
   0.2667238712       0.6859956384      -0.9656547904      -2.2703588009
   0.5056963563       0.2322285175       0.1974681914       1.7610974312
   0.5589935780       0.4481294155      -1.5505837202       0.5240417123
   0.5880640149       0.2675675750      -0.1722605079       1.5542656183
   0.8696373105       0.4060469866      -0.6663513780       0.4464722574
   0.6080890298       0.3321474791      -0.7470442057       1.3164747953
   0.9345220923       0.9797539115       0.5539837480      -0.0708548427
   0.3915032744       0.7158593535      -0.4424089491      -2.0306656361
   0.4544073939       0.4103152156      -1.6113524437       1.0181243420
   0.1431401968       0.8465866446       1.7064996958      -2.4579675198
   0.2350324988       0.9671505094       2.5277485847      -0.5292630196
   0.6106924415       0.9803513288       1.4956797361      -0.1855948716
   0.9982361197       0.7172571421      -0.0184211507      -0.0882738233
   0.7918933034       0.3276252151      -0.4858155251       0.9158028364
   0.6658648252       0.0823833346       1.1893216372       0.6772220731
   0.9188917875       0.0491536260       0.5946528912       0.1897242516
   0.2643487453       0.7640815973       0.2187419832      -2.4658408165
   0.1972594857       0.3794344664      -1.9865852594       1.8788561821
   0.5760931373       0.1814824343       0.6651382446       1.4483561516
   0.8291983008       0.5500968695      -0.8831744790      -0.2875551879
   0.1977028847       0.2404980063       0.1630379409       2.7275810242
   0.0006899238       0.9348957539       5.3125019073      -2.3030574322
   0.9106054902       0.5256032944      -0.6482782960      -0.1051977351
   0.2212992311       0.5700181723      -2.3847308159      -1.1225017309
   0.3651123643       0.2066238523       0.5798775554       2.0747330189
   0.6379235983       0.3561254144      -0.8899580836       1.1307258606
   0.8351926804       0.7305629253      -0.1109534502      -0.9039894342
   0.0797091126       0.1115237474       2.6090049744       2.2007672787
   0.7711169720       0.5615214109      -1.0134203434      -0.4124906361
   0.9459890127       0.8212051392       0.2187805176      -0.4559386969
   0.9104062319       0.2438233495       0.0255115144       0.6570300460
   0.8160705566       0.3261917830      -0.4457104504       0.8587969542
   0.8897013664       0.1126589179       0.5574259162       0.4770501554
   0.3686839938       0.2630192637      -0.1751736999       2.1366450787
   0.9541108012       0.9829928875       0.4625015855      -0.0496113636
   0.1563426852       0.0559376478       2.7448673248       1.0065193176
   0.8071721196       0.7591518164       0.0570871159      -0.9916808009
   0.4552846551       0.3545298576      -1.1623549461       1.5076742172
   0.6347849965       0.9969152808       1.4465467930      -0.0280402824
   0.8300078511       0.5922356844      -0.7751235962      -0.5073202848
   0.7209478021       0.8666933179       0.8215852976      -0.9121556878
   0.9644201994       0.1474269629       0.2454177141       0.3265534937
   0.2204369903       0.5081612468      -2.6356468201      -0.1352709383
   0.0711396337       0.4618523717      -3.3894019127       0.8283247948
   0.0655409098       0.5050866604      -3.5410315990      -0.1132114455
   0.3179266453       0.5783076286      -2.0249063969      -1.0853242874
   0.8776001334       0.7559058666       0.0287698675      -0.7749522328
   0.5364192724       0.2081733942       0.4400192499       1.6355978251
   0.1766504049       0.6263843179      -1.9806544781      -2.0154128075
   0.6074512005       0.0890185833       1.2843590975       0.8040126562
   0.9945481420       0.6877954602      -0.0604526885      -0.1467154771
   0.2632521391       0.2124664187       0.5793103576       2.4107604027
   0.9613617659       0.0510473251       0.4042985439       0.1343122870
   0.0796917677       0.5597751141      -3.1754696369      -1.2520699501
   0.5880854130       0.3069164157      -0.5473713875       1.4647976160
   0.4392240047       0.5831229091      -1.6871604919      -0.9711106420
   0.5704483986       0.8533240557       0.9720894694      -1.2808356285
   0.4383407235       0.3624736071      -1.2655681372       1.4822875261
   0.8861707449       0.4557362795      -0.7173980474       0.2048292607
   0.4450675845       0.6973982453      -0.6266465187      -1.8264733553
   0.0940021873       0.1706953049       1.5771816969       2.8988094330
   0.9812163711       0.4819064736      -0.2936261296       0.0335254371
   0.1050763726       0.4010575414      -2.6187181473       1.8761516809
   0.5599809289       0.2823153734      -0.3295502067       1.6006865501
   0.5902891755       0.3168572783      -0.6354856491       1.4227359295
   0.7909014225       0.5412299037      -1.0047792196      -0.2662765980
   0.0970214009       0.3601779342      -2.0922694206       2.5233697891
   0.2979658842       0.2662108541      -0.2401200831       2.3492929935
   0.9105798006       0.6980471015      -0.2106299549      -0.6221705675
   0.2462707162       0.3548018336      -1.5546327829       2.0093815327
   0.8460296988       0.3387895823      -0.4645761549       0.7445105314
   0.1271677613       0.1114224195       2.3570683002       1.9856846333
   0.7727777362       0.7693108916       0.1318830550      -1.0816038847
   0.2430739403       0.4816578627      -2.5354552269       0.2935043275
   0.9750303030       0.7872929573       0.0792379975      -0.3319517970
   0.7124252915       0.1664530635       0.6263126731       1.0814509392
   0.3729030490       0.2174688578       0.4326607585       2.0871829987
   0.8257536888       0.2631825805      -0.0776932314       0.9358540773
   0.7515795231       0.3608037829      -0.7355135083       0.8799962401
   0.2113674879       0.6833453178      -1.0880510807      -2.4442980289
   0.7735289931       0.8821498156       0.8027800322      -0.7337089181
   0.4364342690       0.4533103704      -1.8707164526       0.5650971532
   0.5611463189       0.5396667719      -1.5809210539      -0.4023851752
   0.3334182501       0.3981682658      -1.8043292761       1.3429188728
   0.9109765887       0.8783548474       0.4730508924      -0.4535167515
   0.8031575680       0.8984830976       0.8072472811      -0.5983369946
   0.9742368460       0.6815621257      -0.1445433348      -0.3151629269
   0.4943286777       0.6268925667      -1.2585718632      -1.2888658047
   0.3421062231       0.7321760654      -0.2484065294      -2.2088112831
   0.8143144846       0.7726738453       0.1381040215      -0.9628289342
   0.0281385183       0.9440789223       3.8076324463      -1.3957763910
   0.1117625833       0.4190955162      -2.7753052711       1.5463405848
   0.8173622489       0.8123125434       0.3677802682      -0.8908664584
   0.9530676603       0.1615722775       0.2481907308       0.3997610807
   0.9512138367       0.1564290524       0.2662103772       0.3993839025
   0.9955596924       0.5193365812      -0.1421144456      -0.0173517019
   0.3262535930       0.6640796065      -1.1675045490      -1.9483385086
   0.3863338232       0.9361537695       1.9268144369      -0.8172747493
   0.1106803417       0.5169862509      -3.1659533978      -0.3391839564
   0.5487763882       0.7617616653       0.1227479205      -1.6579591036
   0.0974153876       0.6969973445      -1.0706446171      -3.0951638222
   0.9696671963       0.8491803408       0.2198251784      -0.3058636487
   0.9812234640       0.4982221127      -0.2954590917       0.0033006505
   0.9226657748       0.2542148829      -0.0161228850       0.6086614728
   0.5602434278       0.3917089701      -1.2698172331       1.0277190208
   0.9850519300       0.7562088370       0.0102722989      -0.2631825805
   0.2242076397       0.3441278338      -1.4631441832       2.1785364151
   0.3409064412       0.2355024815       0.2025212348       2.2171418667
   0.3130145073       0.9528376460       2.2121717930      -0.6754189730
   0.1419233680       0.9435505867       2.8121871948      -1.0414755344
   0.1235017776       0.4072999954      -2.5920183659       1.7073044777
   0.3597609401       0.0594542623       2.0203177929       0.7918975949
   0.3292862177       0.1032873392       1.8021156788       1.3670595884
   0.0388794541       0.8389638066       2.0509693623      -3.2788014412
   0.5856949687       0.4183849096      -1.3678078651       0.7701362371
   0.7991597056       0.5457894206      -0.9744215012      -0.2883443832
   0.7930629849       0.6297090650      -0.7087860703      -0.7520209551
   0.3447251320       0.8614566326       1.4273387194      -1.6935555935
   0.5757588744       0.3136705756      -0.6210541725       1.4687100649
   0.1700040698       0.4001672268      -2.3129935265       1.6767778397
   0.8385153413       0.6270430684      -0.6286472678      -0.6449979544
   0.6598604321       0.4335258603      -1.2648229599       0.5613030791
   0.4445365667       0.6271543503      -1.3477960825      -1.3847870827
   0.9247666597       0.2378041744       0.0459483266       0.5984494090
   0.5281132460       0.2916927934      -0.4441051185       1.6563352346
   0.6872819662       0.7041416764      -0.3734700084      -1.2600870132
   0.7252783775       0.1397402883       0.7768428326       0.9359278679
   0.0153705478       0.3985018730      -3.5234160423       2.6109352112
   0.8063194156       0.1026979089       0.7955579758       0.5988702178
   0.0332540870       0.1886091828       1.4896682501       3.6684827805
   0.8543590307       0.6593117714      -0.4593451619      -0.7169405818
   0.2444934845       0.2876207829      -0.5964944959       2.4762978554
   0.0249336958       0.3906959891      -3.1886713505       2.6144955158
   0.2690298557       0.3087613583      -0.8874479532       2.2934265137
   0.1338547468       0.1228283048       2.1812171936       2.1224887371
   0.1162121892       0.1990989447       0.9899077415       2.9889376163
   0.4015465379       0.3931933641      -1.6054818630       1.2747898102
   0.1781504154       0.2827134728      -0.5753295422       2.7595164776
   0.2811894417       0.8341806531       1.2198214531      -2.0870530605
   0.7745311856       0.1433796883       0.6735819578       0.8503576517
   0.4846862555       0.8066618443       0.6365967989      -1.7119159698
   0.5325033069       0.1825133562       0.7009608746       1.5528037548
   0.0128626823       0.0064494610       4.4742560387       0.1814102829
   0.0937994123       0.8165740967       1.3411259651      -3.0169396400
   0.0825361609       0.6049310565      -2.6792516708      -2.0763823986
   0.0581251979       0.0895369053       3.0621433258       1.9308198690
   0.6941735744       0.2481951118       0.0147044593       1.2965828180
   0.3505613208       0.4348646402      -2.0158336163       0.8743653297
   0.9061129689       0.5532218218      -0.6365495324      -0.2211700380
   0.4171310067       0.7243640423      -0.3218515813      -1.9808306694
   0.8784146309       0.8774557710       0.5547656417      -0.5379043221
   0.5040775537       0.4725967646      -1.7500306368       0.3043329418
   0.7562887073       0.6996249557      -0.3530546427      -1.0779407024
   0.5381182432       0.0969873667       1.3853425980       0.9669839144
   0.0037273765       0.2903701663      -1.2735641003       4.9127402306
   0.6305691600       0.9215384126       1.2838445902      -0.6897240281
   0.0039024353       0.7975448370       1.4875183105      -4.8304114342
   0.0490033031       0.5999062657      -3.0165565014      -2.1889433861
   0.9576394558       0.8985518813       0.3588263690      -0.2657242417
   0.6155422926       0.9850782156       1.4884488583      -0.1399618536
   0.3937915564       0.6168150306      -1.5383780003      -1.3877606392
   0.5190810561       0.1073157787       1.3575299978       1.0850090981
   0.7420423627       0.4376896620      -1.0835615396       0.4473138154
   0.6802242994       0.4743236303      -1.3149325848       0.2139970809
   0.0345443487       0.5321164131      -3.8573091030      -0.7891197801
   0.8963316083       0.9148232341       0.6107267737      -0.3620989621
   0.1455249190       0.8636385798       1.9512131214      -2.2517566681
   0.5556862950       0.5525230169      -1.5563013554      -0.5330924988
   0.6443422437       0.2798010111      -0.2648646533       1.3979628086
   0.9657328725       0.6077749133      -0.3123256564      -0.2511070073
   0.9088558555       0.4947874546      -0.6631121635       0.0217256118
   0.3283376098       0.1217994690       1.6334044933       1.5689970255
   0.7927746773       0.9351766109       0.9496051669      -0.4096803665
   0.9501751065       0.8735417128       0.3399222791      -0.3462092578
   0.4439128041       0.5879412889      -1.6462641954      -1.0151213408
   0.4466550350       0.8177863359       0.7960354090      -1.7545995712
   0.9808017612       0.1360921860       0.1960632950       0.2254908532
   0.1933744550       0.4131644964      -2.3516314030       1.4276105165
   0.6815106273       0.2496363521       0.0030364997       1.3289587498
   0.8208193183       0.7790424824       0.1730588078      -0.9378250241
   0.7148647308       0.6962750554      -0.4118028879      -1.1732337475
   0.9156185389       0.4214737415      -0.5612150431       0.3017973304
   0.9969389439       0.5271474123      -0.1171066687      -0.0201711506
   0.5107869506       0.7937723994       0.4777207077      -1.6929577589
   0.0993891358       0.0996454954       2.6424434185       1.9108693600
   0.9882729650       0.0434812903       0.2244513780       0.0628929362
   0.1964154840       0.5229501128      -2.7095334530      -0.3934450448
   0.4813421369       0.6313725114      -1.2446682453      -1.3485555649
   0.1399096251       0.1072586775       2.3517894745       1.8782908916
   0.6364449859       0.1858813763       0.5656067133       1.3271563053
   0.1637201309       0.9253020287       2.5748546124      -1.3058050871
   0.1943665147       0.1437323093       1.7007402182       2.1568856239
   0.2072833180       0.6743554473      -1.2319698334      -2.3938605785
   0.2875171900       0.4710509777      -2.3565633297       0.4334307611
   0.0284036994       0.0303254128       3.9767706394       0.7670397758
   0.9049427509       0.1231104732       0.4852766097       0.4738886356
   0.8056195974       0.8419855237       0.5451033115      -0.8357151747
   0.4502889514       0.5576806664      -1.7924956083      -0.6796539426
   0.4911730886       0.1620520353       0.9498559237       1.5402758121
   0.5202686191       0.2768686414      -0.2914845645       1.7101589441
   0.8413020372       0.9000747800       0.7220135927      -0.5240554214
   0.5520125628       0.8975762129       1.3234192133      -0.9926606417
   0.4353846312       0.0501992702       1.8604972363       0.6070885658
   0.2192197442       0.2753235698      -0.4189121127       2.6105458736
   0.5564716458       0.5260145068      -1.6211929321      -0.2673758566
   0.1703071594       0.7157707214      -0.6093847752      -2.7896180153
   0.5256578326       0.3576468229      -1.0773355961       1.3421952724
   0.4853594303       0.6767362356      -0.8106099367      -1.6347569227
   0.7379211783       0.3995934129      -0.9554099441       0.6978819966
   0.4422793984       0.5370727777      -1.8861105442      -0.4474637806
   0.6206303835       0.9335175753       1.3548266888      -0.6013293862
   0.6630526781       0.4691197276      -1.3499070406       0.2652547061
   0.5520129204       0.2789039612      -0.2987924814       1.6271243095
   0.7174761891       0.6501362920      -0.7260181904      -1.0010799170
   0.4705365300       0.2306461930       0.2260418981       1.8496713638
   0.4323749542       0.7886452675       0.4725022018      -1.9075372219
   0.9351161718       0.3563706875      -0.3444665670       0.4362728894
   0.5213684440       0.3758712411      -1.2314062119       1.2179976702
   0.8731585145       0.7373947501      -0.0625360012      -0.7879331112
   0.4960482121       0.7738602161       0.2683938742      -1.7768367529
   0.4394059777       0.3559756875      -1.2022389174       1.5304510593
   0.0020610094       0.4800791144      -5.2954816818       0.6663007140
   0.4581421614       0.2300686836       0.2368370146       1.8812868595
   0.3900942206       0.8047567606       0.7023558617      -1.9602633715
   0.1713702083       0.4374928474      -2.6333572865       1.0909110308
   0.1194097996       0.2329447269       0.3346326351       3.1107339859
   0.7764093280       0.4725054502      -1.0635893345       0.1855885237
   0.7432746887       0.5291483998      -1.1494456530      -0.2129007131
   0.9509779811       0.3181935549      -0.1999145448       0.4376663864
   0.3412910104       0.7004677057      -0.6814043522      -2.1183080673
   0.9015091062       0.5241076350      -0.6831543446      -0.1042779982
   0.6217151880       0.9533126354       1.4163594246      -0.4278251231
   0.7040504217       0.4033342004      -1.0439523458       0.7255573273
   0.7208386064       0.9131800532       1.0496851206      -0.6370944381
   0.9535786510       0.7606040239       0.0311523248      -0.4668706954
   0.2496790290       0.6561028957      -1.4064683914      -2.1007227898
   0.3540583253       0.1034747362       1.7407282591       1.3237239122
   0.4700892568       0.3673071265      -1.2532316446       1.3806411028
   0.8118883371       0.3277043700      -0.4595527053       0.8652554750
   0.7956835032       0.7155093551      -0.2206138074      -1.0020221472
   0.9855121374       0.7917127609       0.0671756789      -0.2504129410
   0.5031768680       0.8921183944       1.3854130507      -1.1153895855
   0.9255987406       0.4957859516      -0.5965407491       0.0157986879
   0.5238627791       0.1273258328       1.2022631168       1.2379256487
   0.7299695611       0.9933235645       1.2029962540      -0.0504944511
   0.5601657033       0.8365727067       0.8455240130      -1.3979880810
   0.6227496266       0.0205524564       1.4646759033       0.1901991814
   0.5436590314       0.4168964028      -1.4521681070       0.8356171250
   0.4591299891       0.4342523217      -1.7342331409       0.7601621747
   0.5693362951       0.2440714836       0.0599861667       1.6096234322
   0.1650400758       0.2807372808      -0.5528780818       2.8270730972
   0.7307703495       0.3354219794      -0.6145865917       1.0329487324
   0.0274665952       0.5944287777      -3.3736610413      -2.2750799656
