 Result for 1 trial :   0.203694493    

   M          1/SQRT(M)           INTEGRAL              ERROR
----         ----------         ----------         ----------
   2       0.7071067691       0.1917447746       0.0025511906
   3       0.5773502588       0.1895758510       0.0048022689
   4       0.5000000000       0.1934642494       0.0019939980
   5       0.4472135901       0.1940050423       0.0023942841
   6       0.4082482755       0.1919472814       0.0022130646
   7       0.3779644966       0.1927338392       0.0013717039
   8       0.3535533845       0.1922877729       0.0019911246
   9       0.3333333433       0.1921452731       0.0010164855
  10       0.3162277639       0.1923957318       0.0020599924
  11       0.3015113473       0.1933884025       0.0009931859
  12       0.2886751294       0.1932807118       0.0015520157
  13       0.2773500979       0.1930940747       0.0010746983
  14       0.2672612369       0.1933723539       0.0010848597
  15       0.2581988871       0.1927400082       0.0006988450
  16       0.2500000000       0.1944741905       0.0012836851
  17       0.2425356358       0.1923027337       0.0009201802
  18       0.2357022762       0.1918595582       0.0010599323
  19       0.2294157296       0.1920606643       0.0006005499
  20       0.2236067951       0.1910557747       0.0007338767
  21       0.2182178795       0.1927639246       0.0008997121
  22       0.2132007182       0.1918496192       0.0005628431
  23       0.2085144073       0.1950452626       0.0007629913
  24       0.2041241378       0.1926425695       0.0006773205
  25       0.2000000030       0.1921835691       0.0006972962
  26       0.1961161345       0.1918810159       0.0008727690
  27       0.1924500912       0.1921805590       0.0006022504
  28       0.1889822483       0.1930312067       0.0007027496
  29       0.1856953353       0.1928364635       0.0006458151
  30       0.1825741827       0.1934466213       0.0007113004
  31       0.1796053052       0.1941490620       0.0007106661
  32       0.1767766923       0.1925493181       0.0007332740
  33       0.1740776598       0.1934312135       0.0009891522
  34       0.1714985967       0.1917054653       0.0006092408
  35       0.1690308452       0.1929846704       0.0006603840
  36       0.1666666716       0.1931496710       0.0009530110
  37       0.1643989831       0.1923574805       0.0007195038
  38       0.1622214168       0.1918708086       0.0005440810
  39       0.1601281613       0.1924055964       0.0005938382
  40       0.1581138819       0.1917484701       0.0007226598
  41       0.1561737657       0.1934739649       0.0006856031
  42       0.1543033570       0.1920017451       0.0005857038
  43       0.1524985731       0.1928415447       0.0006655102
  44       0.1507556736       0.1925139576       0.0006815302
  45       0.1490712017       0.1927032918       0.0005159615
  46       0.1474419534       0.1932111382       0.0005539267
  47       0.1458649933       0.1929206252       0.0006235827
  48       0.1443375647       0.1931688339       0.0005692684
  49       0.1428571492       0.1932165027       0.0005620631
  50       0.1414213628       0.1923936456       0.0005789925
